0.000000 0.000000 0.000000 None
100.000000 250.000000 0.000000 None
100.000000 250.000000 0.000000 None
100.000000 250.000000 0.000000 None
100.000000 250.000000 0.000000 None
100.000000 250.000000 0.000000 None
100.000000 250.000000 0.000000 None
100.000000 250.000000 0.000000 None
100.000000 250.000000 0.000000 None
100.000000 250.000000 0.000000 None
100.000000 250.000000 0.000000 None
100.000000 250.000000 0.000000 None
100.000000 250.000000 0.000000 None
100.000000 250.000000 0.000000 None
100.000000 250.000000 0.000000 None
100.000000 250.000000 0.000000 None
100.000000 250.000000 0.000000 None
100.000000 250.000000 0.000000 None
100.000000 250.000000 0.000000 None
100.000000 250.000000 0.000000 None
100.000000 250.000000 0.000000 None
100.000000 250.000000 0.000000 None
100.000000 250.000000 0.000000 None
100.000000 250.000000 0.000000 None
100.000000 250.000000 0.000000 None
100.000000 250.000000 0.000000 None
100.000000 250.000000 0.000000 None
100.000000 250.000000 0.000000 None
100.000000 250.000000 0.000000 None
100.000000 250.000000 0.000000 None
100.000000 250.000000 0.000000 None
100.000000 250.000000 0.000000 None
100.000000 250.000000 0.000000 None
100.000000 250.000000 0.000000 None
100.000000 250.000000 0.000000 None
100.000000 250.000000 0.000000 None
100.000000 250.000000 0.000000 None
100.000000 250.000000 0.000000 None
100.000000 250.000000 0.000000 None
100.000000 250.000000 0.000000 None
100.000000 250.000000 0.000000 None
100.000000 250.000000 0.000000 None
100.000000 250.000000 0.000000 None
100.000000 250.000000 0.000000 None
100.000000 250.000000 0.000000 None
100.000000 250.000000 0.000000 None
100.000000 250.000000 0.000000 None
100.000000 250.000000 0.000000 None
100.000000 250.000000 0.000000 None
100.000000 250.000000 0.000000 None
100.000000 250.000000 0.000000 None
100.000000 250.000000 0.000000 None
100.000000 250.000000 359.000000 TurnLeft
100.000000 250.000000 358.000000 TurnLeft
100.000000 250.000000 357.000000 TurnLeft
100.000000 250.000000 356.000000 TurnLeft
100.000000 250.000000 355.000000 TurnLeft
100.000000 250.000000 354.000000 TurnLeft
100.000000 250.000000 353.000000 TurnLeft
100.000000 250.000000 352.000000 TurnLeft
100.000000 250.000000 351.000000 TurnLeft
100.000000 250.000000 350.000000 TurnLeft
100.000000 250.000000 349.000000 TurnLeft
100.000000 250.000000 348.000000 TurnLeft
100.000000 250.000000 347.000000 TurnLeft
100.000000 250.000000 346.000000 TurnLeft
100.000000 250.000000 345.000000 TurnLeft
100.000000 250.000000 344.000000 TurnLeft
100.000000 250.000000 343.000000 TurnLeft
100.000000 250.000000 342.000000 TurnLeft
100.000000 250.000000 341.000000 TurnLeft
100.000000 250.000000 340.000000 TurnLeft
100.000000 250.000000 339.000000 TurnLeft
100.000000 250.000000 338.000000 TurnLeft
100.000000 250.000000 337.000000 TurnLeft
100.000000 250.000000 336.000000 TurnLeft
100.000000 250.000000 335.000000 TurnLeft
100.000000 250.000000 334.000000 TurnLeft
100.000000 250.000000 333.000000 TurnLeft
100.000000 250.000000 332.000000 TurnLeft
100.000000 250.000000 331.000000 TurnLeft
100.000000 250.000000 330.000000 TurnLeft
100.000000 250.000000 329.000000 TurnLeft
100.000000 250.000000 328.000000 TurnLeft
100.000000 250.000000 327.000000 TurnLeft
100.000000 250.000000 326.000000 TurnLeft
100.000000 250.000000 325.000000 TurnLeft
100.000000 250.000000 324.000000 TurnLeft
100.000000 250.000000 323.000000 TurnLeft
100.000000 250.000000 322.000000 TurnLeft
100.000000 250.000000 321.000000 TurnLeft
100.000000 250.000000 320.000000 TurnLeft
100.000000 250.000000 319.000000 TurnLeft
100.000000 250.000000 318.000000 TurnLeft
100.000000 250.000000 317.000000 TurnLeft
100.000000 250.000000 316.000000 TurnLeft
100.000000 250.000000 315.000000 TurnLeft
100.000000 250.000000 314.000000 TurnLeft
100.000000 250.000000 313.000000 TurnLeft
100.000000 250.000000 312.000000 TurnLeft
100.000000 250.000000 311.000000 TurnLeft
100.000000 250.000000 310.000000 TurnLeft
100.000000 250.000000 309.000000 TurnLeft
100.000000 250.000000 308.000000 TurnLeft
100.000000 250.000000 307.000000 TurnLeft
100.000000 250.000000 306.000000 TurnLeft
100.000000 250.000000 305.000000 TurnLeft
100.000000 250.000000 304.000000 TurnLeft
100.000000 250.000000 303.000000 TurnLeft
100.000000 250.000000 302.000000 TurnLeft
100.000000 250.000000 301.000000 TurnLeft
100.000000 250.000000 300.000000 TurnLeft
100.000000 250.000000 299.000000 TurnLeft
100.000000 250.000000 298.000000 TurnLeft
100.000000 250.000000 297.000000 None
100.000000 250.000000 297.000000 None
100.000000 250.000000 297.000000 None
100.453990 249.108993 297.000000 Forward
100.907981 248.217987 297.000000 Forward
101.361971 247.326980 297.000000 Forward
101.815962 246.435974 297.000000 Forward
102.269952 245.544967 297.000000 Forward
102.723943 244.653961 297.000000 Forward
103.177933 243.762954 297.000000 Forward
103.631924 242.871948 297.000000 Forward
104.085914 241.980941 297.000000 Forward
104.539905 241.089935 297.000000 Forward
104.993895 240.198928 297.000000 Forward
105.447886 239.307922 297.000000 Forward
105.901876 238.416915 297.000000 Forward
106.355867 237.525909 297.000000 Forward
106.809857 236.634902 297.000000 Forward
107.263848 235.743896 297.000000 Forward
107.717838 234.852889 297.000000 Forward
108.171829 233.961883 297.000000 Forward
108.625819 233.070876 297.000000 Forward
109.079810 232.179870 297.000000 Forward
109.533800 231.288863 297.000000 Forward
109.987791 230.397856 297.000000 Forward
110.441781 229.506850 297.000000 Forward
110.895772 228.615843 297.000000 Forward
111.349762 227.724837 297.000000 Forward
111.803753 226.833830 297.000000 Forward
112.257743 225.942824 297.000000 Forward
112.711734 225.051817 297.000000 Forward
113.165724 224.160811 297.000000 Forward
113.619715 223.269804 297.000000 Forward
114.073705 222.378798 297.000000 Forward
114.527696 221.487791 297.000000 Forward
114.981686 220.596785 297.000000 Forward
115.435677 219.705778 297.000000 Forward
115.889667 218.814772 297.000000 Forward
116.343658 217.923765 297.000000 Forward
116.797648 217.032759 297.000000 Forward
117.251639 216.141752 297.000000 Forward
117.705629 215.250746 297.000000 Forward
118.159620 214.359739 297.000000 Forward
118.613610 213.468733 297.000000 Forward
119.067601 212.577726 297.000000 Forward
119.521591 211.686719 297.000000 Forward
119.975582 210.795713 297.000000 Forward
120.429572 209.904706 297.000000 Forward
120.883563 209.013700 297.000000 Forward
121.337553 208.122693 297.000000 Forward
121.791544 207.231687 297.000000 Forward
122.245534 206.340680 297.000000 Forward
122.699525 205.449674 297.000000 Forward
123.153515 204.558667 297.000000 Forward
123.607506 203.667661 297.000000 Forward
124.061496 202.776654 297.000000 Forward
124.515487 201.885648 297.000000 Forward
124.969477 200.994641 297.000000 Forward
125.423468 200.103635 297.000000 Forward
125.877458 199.212628 297.000000 Forward
126.331449 198.321622 297.000000 Forward
126.785439 197.430615 297.000000 Forward
127.239430 196.539609 297.000000 Forward
127.693420 195.648602 297.000000 Forward
128.147411 194.757596 297.000000 Forward
128.601401 193.866589 297.000000 Forward
129.055392 192.975582 297.000000 Forward
129.509382 192.084576 297.000000 Forward
129.963373 191.193569 297.000000 Forward
130.417363 190.302563 297.000000 Forward
130.871354 189.411556 297.000000 Forward
131.325344 188.520550 297.000000 Forward
131.779335 187.629543 297.000000 Forward
132.233325 186.738537 297.000000 Forward
132.687316 185.847530 297.000000 Forward
133.141306 184.956524 297.000000 Forward
133.595297 184.065517 297.000000 Forward
134.049287 183.174511 297.000000 Forward
134.503278 182.283504 297.000000 Forward
134.957268 181.392498 297.000000 None
134.957268 181.392498 297.000000 None
134.957268 181.392498 297.000000 None
134.957268 181.392498 297.000000 None
134.957268 181.392498 297.000000 None
134.957268 181.392498 297.000000 None
134.957268 181.392498 297.000000 None
134.957268 181.392498 297.000000 None
134.957268 181.392498 297.000000 None
134.957268 181.392498 297.000000 None
134.957268 181.392498 297.000000 None
134.957268 181.392498 297.000000 None
134.957268 181.392498 297.000000 None
134.957268 181.392498 297.000000 None
134.957268 181.392498 297.000000 None
134.957268 181.392498 297.000000 None
134.957268 181.392498 297.000000 None
134.957268 181.392498 297.000000 None
134.957268 181.392498 297.000000 None
134.957268 181.392498 297.000000 None
134.957268 181.392498 297.000000 None
134.957268 181.392498 297.000000 None
134.957268 181.392498 297.000000 None
134.957268 181.392498 297.000000 None
134.957268 181.392498 297.000000 None
134.957268 181.392498 297.000000 None
134.957268 181.392498 297.000000 None
134.957268 181.392498 297.000000 None
134.957268 181.392498 297.000000 None
134.957268 181.392498 297.000000 None
134.957268 181.392498 297.000000 None
134.957268 181.392498 297.000000 None
134.957268 181.392498 297.000000 None
134.957268 181.392498 297.000000 None
134.957268 181.392498 297.000000 None
134.957268 181.392498 297.000000 None
134.957268 181.392498 297.000000 None
134.957268 181.392498 297.000000 None
134.957268 181.392498 297.000000 None
134.957268 181.392498 297.000000 None
134.957268 181.392498 297.000000 None
134.957268 181.392498 297.000000 None
134.957268 181.392498 297.000000 None
134.957268 181.392498 297.000000 None
134.957268 181.392498 297.000000 None
134.957268 181.392498 297.000000 None
134.957268 181.392498 297.000000 None
134.957268 181.392498 297.000000 None
134.957268 181.392498 297.000000 None
134.957268 181.392498 297.000000 None
134.957268 181.392498 297.000000 None
134.957268 181.392498 297.000000 None
134.957268 181.392498 297.000000 None
134.957268 181.392498 297.000000 None
134.957268 181.392498 297.000000 None
134.957268 181.392498 297.000000 None
134.957268 181.392498 297.000000 None
134.957268 181.392498 297.000000 None
134.957268 181.392498 297.000000 None
134.957268 181.392498 297.000000 None
134.957268 181.392498 297.000000 None
134.957268 181.392498 297.000000 None
134.957268 181.392498 297.000000 None
134.957268 181.392498 297.000000 None
134.957268 181.392498 297.000000 Backward
134.503278 182.283504 297.000000 Backward
134.049287 183.174511 297.000000 Backward
133.595297 184.065517 297.000000 Backward
133.141306 184.956524 297.000000 Backward
132.687316 185.847530 297.000000 Backward
132.233325 186.738537 297.000000 Backward
131.779335 187.629543 297.000000 Backward
131.325344 188.520550 297.000000 Backward
130.871354 189.411556 297.000000 Backward
130.417363 190.302563 297.000000 Backward
129.963373 191.193569 297.000000 Backward
129.509382 192.084576 297.000000 Backward
129.055392 192.975582 297.000000 Backward
128.601401 193.866589 297.000000 Backward
128.147411 194.757596 297.000000 Backward
127.693420 195.648602 297.000000 Backward
127.239430 196.539609 297.000000 Backward
126.785439 197.430615 297.000000 Backward
126.331449 198.321622 297.000000 Backward
125.877458 199.212628 297.000000 Backward
125.423468 200.103635 297.000000 Backward
124.969477 200.994641 297.000000 Backward
124.515487 201.885648 297.000000 Backward
124.061496 202.776654 297.000000 Backward
123.607506 203.667661 297.000000 Backward
123.153515 204.558667 297.000000 Backward
122.699525 205.449674 297.000000 Backward
122.245534 206.340680 297.000000 Backward
121.791544 207.231687 297.000000 Backward
121.337553 208.122693 297.000000 Backward
120.883563 209.013700 297.000000 None
120.883563 209.013700 297.000000 None
120.883563 209.013700 297.000000 None
120.883563 209.013700 297.000000 None
120.883563 209.013700 297.000000 None
120.883563 209.013700 297.000000 None
120.883563 209.013700 297.000000 None
120.883563 209.013700 297.000000 None
120.883563 209.013700 297.000000 None
120.883563 209.013700 297.000000 None
120.883563 209.013700 297.000000 None
120.883563 209.013700 297.000000 None
120.883563 209.013700 297.000000 None
120.883563 209.013700 297.000000 None
120.883563 209.013700 297.000000 None
120.883563 209.013700 297.000000 None
120.883563 209.013700 297.000000 None
120.883563 209.013700 297.000000 None
120.883563 209.013700 297.000000 None
120.883563 209.013700 297.000000 None
120.883563 209.013700 297.000000 None
120.883563 209.013700 297.000000 None
120.883563 209.013700 297.000000 None
120.883563 209.013700 297.000000 None
120.883563 209.013700 297.000000 None
120.883563 209.013700 298.000000 TurnRight
120.883563 209.013700 299.000000 TurnRight
120.883563 209.013700 300.000000 TurnRight
120.883563 209.013700 301.000000 TurnRight
120.883563 209.013700 302.000000 TurnRight
120.883563 209.013700 303.000000 TurnRight
120.883563 209.013700 304.000000 TurnRight
120.883563 209.013700 305.000000 TurnRight
120.883563 209.013700 306.000000 TurnRight
120.883563 209.013700 307.000000 TurnRight
120.883563 209.013700 308.000000 TurnRight
120.883563 209.013700 309.000000 TurnRight
120.883563 209.013700 310.000000 TurnRight
120.883563 209.013700 311.000000 TurnRight
120.883563 209.013700 312.000000 TurnRight
120.883563 209.013700 313.000000 TurnRight
120.883563 209.013700 314.000000 TurnRight
120.883563 209.013700 315.000000 TurnRight
120.883563 209.013700 316.000000 TurnRight
120.883563 209.013700 317.000000 TurnRight
120.883563 209.013700 318.000000 TurnRight
120.883563 209.013700 319.000000 TurnRight
120.883563 209.013700 320.000000 TurnRight
120.883563 209.013700 321.000000 TurnRight
120.883563 209.013700 322.000000 TurnRight
120.883563 209.013700 323.000000 TurnRight
120.883563 209.013700 324.000000 TurnRight
120.883563 209.013700 325.000000 TurnRight
120.883563 209.013700 326.000000 TurnRight
120.883563 209.013700 327.000000 TurnRight
120.883563 209.013700 328.000000 TurnRight
120.883563 209.013700 329.000000 TurnRight
120.883563 209.013700 330.000000 TurnRight
120.883563 209.013700 331.000000 TurnRight
120.883563 209.013700 332.000000 TurnRight
120.883563 209.013700 332.000000 TurnLeft
120.883563 209.013700 331.000000 TurnLeft
120.883563 209.013700 330.000000 TurnLeft
120.883563 209.013700 329.000000 TurnLeft
120.883563 209.013700 328.000000 TurnLeft
120.883563 209.013700 327.000000 TurnLeft
120.883563 209.013700 326.000000 TurnLeft
120.883563 209.013700 325.000000 TurnLeft
120.883563 209.013700 324.000000 TurnLeft
120.883563 209.013700 323.000000 TurnLeft
120.883563 209.013700 322.000000 TurnLeft
120.883563 209.013700 321.000000 TurnLeft
120.883563 209.013700 320.000000 TurnLeft
120.883563 209.013700 319.000000 TurnLeft
120.883563 209.013700 318.000000 TurnLeft
120.883563 209.013700 317.000000 TurnLeft
120.883563 209.013700 316.000000 TurnLeft
120.883563 209.013700 315.000000 TurnLeft
120.883563 209.013700 314.000000 TurnLeft
120.883563 209.013700 313.000000 TurnLeft
120.883563 209.013700 312.000000 TurnLeft
120.883563 209.013700 311.000000 TurnLeft
120.883563 209.013700 310.000000 TurnLeft
120.883563 209.013700 309.000000 TurnLeft
120.883563 209.013700 308.000000 TurnLeft
120.883563 209.013700 307.000000 TurnLeft
120.883563 209.013700 306.000000 TurnLeft
120.883563 209.013700 305.000000 TurnLeft
120.883563 209.013700 304.000000 TurnLeft
120.883563 209.013700 303.000000 TurnLeft
120.883563 209.013700 302.000000 TurnLeft
120.883563 209.013700 301.000000 TurnLeft
120.883563 209.013700 300.000000 TurnLeft
120.883563 209.013700 299.000000 TurnLeft
120.883563 209.013700 299.000000 None
120.883563 209.013700 298.000000 TurnLeft
120.883563 209.013700 296.000000 TurnLeft
120.883563 209.013700 296.000000 TurnRight
120.883563 209.013700 297.000000 TurnRight
120.883563 209.013700 298.000000 TurnRight
120.883563 209.013700 299.000000 TurnRight
120.883563 209.013700 300.000000 TurnRight
120.883563 209.013700 301.000000 TurnRight
120.883563 209.013700 302.000000 TurnRight
120.883563 209.013700 303.000000 TurnRight
120.883563 209.013700 304.000000 TurnRight
120.883563 209.013700 305.000000 TurnRight
120.883563 209.013700 306.000000 TurnRight
120.883563 209.013700 307.000000 TurnRight
120.883563 209.013700 308.000000 TurnRight
121.499224 208.225689 308.000000 Forward
122.114886 207.437678 308.000000 Forward
122.730547 206.649668 308.000000 Forward
123.346209 205.861657 308.000000 Forward
123.961870 205.073646 308.000000 Forward
124.577532 204.285635 308.000000 Forward
125.193193 203.497625 308.000000 Forward
125.808855 202.709614 308.000000 Forward
126.424516 201.921603 308.000000 Forward
127.040178 201.133592 308.000000 Forward
127.655839 200.345582 308.000000 Forward
128.271501 199.557571 308.000000 Forward
128.887162 198.769560 308.000000 Forward
129.502824 197.981549 308.000000 Forward
130.118485 197.193539 308.000000 Forward
130.734147 196.405528 308.000000 Forward
131.349808 195.617517 308.000000 Forward
131.965470 194.829506 308.000000 Forward
132.581131 194.041496 308.000000 Forward
133.196792 193.253485 308.000000 Forward
133.812454 192.465474 308.000000 Forward
134.428115 191.677463 308.000000 Forward
135.043777 190.889453 308.000000 None
135.043777 190.889453 308.000000 None
135.043777 190.889453 308.000000 None
135.043777 190.889453 308.000000 None
135.043777 190.889453 308.000000 None
135.043777 190.889453 308.000000 None
135.043777 190.889453 308.000000 None
135.043777 190.889453 308.000000 None
135.043777 190.889453 308.000000 None
135.043777 190.889453 309.000000 None
135.043777 190.889453 310.000000 TurnRight
135.043777 190.889453 311.000000 TurnRight
135.043777 190.889453 312.000000 TurnRight
135.043777 190.889453 313.000000 TurnRight
135.043777 190.889453 314.000000 TurnRight
135.043777 190.889453 315.000000 TurnRight
135.043777 190.889453 316.000000 TurnRight
135.043777 190.889453 317.000000 TurnRight
135.043777 190.889453 318.000000 TurnRight
135.043777 190.889453 319.000000 TurnRight
135.043777 190.889453 320.000000 TurnRight
135.043777 190.889453 321.000000 TurnRight
135.043777 190.889453 322.000000 TurnRight
135.043777 190.889453 323.000000 TurnRight
135.043777 190.889453 324.000000 TurnRight
135.043777 190.889453 325.000000 TurnRight
135.043777 190.889453 325.000000 None
136.682081 189.742300 325.000000 Forward
137.501233 189.168723 325.000000 Forward
138.320385 188.595147 325.000000 Forward
139.139537 188.021570 325.000000 Forward
139.958689 187.447994 325.000000 Forward
140.777841 186.874417 325.000000 Forward
141.596993 186.300841 325.000000 Forward
141.596993 186.300841 325.000000 None
141.596993 186.300841 325.000000 None
141.596993 186.300841 325.000000 None
141.596993 186.300841 325.000000 None
141.596993 186.300841 325.000000 None
141.596993 186.300841 325.000000 None
141.596993 186.300841 326.000000 None
141.596993 186.300841 327.000000 None
141.596993 186.300841 327.000000 TurnRight
141.596993 186.300841 328.000000 TurnRight
141.596993 186.300841 330.000000 TurnRight
141.596993 186.300841 331.000000 TurnRight
141.596993 186.300841 332.000000 TurnRight
141.596993 186.300841 333.000000 TurnRight
141.596993 186.300841 334.000000 TurnRight
141.596993 186.300841 335.000000 TurnRight
142.503301 185.878223 335.000000 None
143.409609 185.455605 335.000000 None
144.315917 185.032986 335.000000 Forward
145.222224 184.610368 335.000000 Forward
146.128532 184.187750 335.000000 Forward
147.034840 183.765131 335.000000 Forward
147.941148 183.342513 335.000000 Forward
148.847456 182.919895 335.000000 Forward
149.753763 182.497277 335.000000 None
149.753763 182.497277 335.000000 None
149.753763 182.497277 335.000000 None
149.753763 182.497277 335.000000 None
149.753763 182.497277 335.000000 TurnRight
149.753763 182.497277 336.000000 TurnRight
149.753763 182.497277 337.000000 TurnRight
149.753763 182.497277 338.000000 TurnRight
149.753763 182.497277 339.000000 TurnRight
149.753763 182.497277 340.000000 TurnRight
149.753763 182.497277 341.000000 TurnRight
149.753763 182.497277 342.000000 TurnRight
149.753763 182.497277 343.000000 TurnRight
149.753763 182.497277 344.000000 TurnRight
149.753763 182.497277 345.000000 TurnRight
149.753763 182.497277 346.000000 TurnRight
149.753763 182.497277 347.000000 TurnRight
149.753763 182.497277 348.000000 Forward
150.731911 182.289365 348.000000 None
151.710059 182.081453 348.000000 None
152.688206 181.873542 348.000000 None
153.666354 181.665630 348.000000 Forward
154.644501 181.457718 348.000000 Forward
155.622649 181.249807 348.000000 Forward
156.600797 181.041895 348.000000 Forward
156.600797 181.041895 348.000000 None
156.600797 181.041895 348.000000 TurnRight
156.600797 181.041895 349.000000 TurnRight
156.600797 181.041895 350.000000 TurnRight
156.600797 181.041895 351.000000 TurnRight
156.600797 181.041895 352.000000 TurnRight
156.600797 181.041895 353.000000 TurnRight
156.600797 181.041895 354.000000 TurnRight
156.600797 181.041895 355.000000 TurnRight
156.600797 181.041895 356.000000 TurnRight
156.600797 181.041895 357.000000 TurnRight
157.599426 180.989559 357.000000 None
158.598056 180.937223 357.000000 Forward
159.596685 180.884887 357.000000 Forward
160.595315 180.832551 357.000000 Forward
161.593944 180.780215 357.000000 Forward
162.592574 180.727879 357.000000 Forward
163.591203 180.675543 357.000000 Forward
164.589833 180.623207 357.000000 Forward
165.588462 180.570871 357.000000 None
166.587092 180.518535 357.000000 None
166.587092 180.518535 357.000000 None
166.587092 180.518535 357.000000 None
166.587092 180.518535 357.000000 None
166.587092 180.518535 357.000000 None
166.587092 180.518535 357.000000 None
166.587092 180.518535 357.000000 TurnLeft
166.587092 180.518535 356.000000 TurnLeft
166.587092 180.518535 355.000000 TurnLeft
166.587092 180.518535 354.000000 TurnLeft
166.587092 180.518535 353.000000 None
166.587092 180.518535 352.000000 TurnLeft
166.587092 180.518535 351.000000 None
166.587092 180.518535 350.000000 TurnLeft
166.587092 180.518535 349.000000 TurnLeft
166.587092 180.518535 348.000000 None
166.587092 180.518535 347.000000 Forward
167.561462 180.293584 347.000000 Forward
168.535832 180.068633 347.000000 None
169.510202 179.843682 347.000000 Forward
170.484572 179.618731 347.000000 Forward
171.458942 179.393780 347.000000 Forward
172.433312 179.168829 347.000000 Forward
173.407682 178.943878 347.000000 Forward
174.382052 178.718927 347.000000 None
174.382052 178.718927 347.000000 None
174.382052 178.718927 347.000000 None
174.382052 178.718927 347.000000 None
174.382052 178.718927 347.000000 None
174.382052 178.718927 347.000000 None
174.382052 178.718927 347.000000 None
174.382052 178.718927 347.000000 None
174.382052 178.718927 347.000000 None
174.382052 178.718927 346.000000 TurnLeft
174.382052 178.718927 345.000000 TurnLeft
174.382052 178.718927 344.000000 TurnLeft
174.382052 178.718927 343.000000 TurnLeft
174.382052 178.718927 342.000000 TurnLeft
174.382052 178.718927 341.000000 TurnLeft
174.382052 178.718927 340.000000 TurnLeft
174.382052 178.718927 339.000000 TurnLeft
174.382052 178.718927 338.000000 TurnLeft
174.382052 178.718927 337.000000 None
174.382052 178.718927 336.000000 TurnLeft
174.382052 178.718927 335.000000 TurnLeft
174.382052 178.718927 334.000000 TurnLeft
174.382052 178.718927 333.000000 TurnLeft
174.382052 178.718927 332.000000 TurnLeft
174.382052 178.718927 331.000000 TurnLeft
174.382052 178.718927 330.000000 TurnLeft
174.382052 178.718927 329.000000 None
174.382052 178.718927 328.000000 TurnLeft
174.382052 178.718927 327.000000 Forward
175.220723 178.174288 327.000000 None
175.220723 178.174288 327.000000 None
175.220723 178.174288 327.000000 None
175.220723 178.174288 327.000000 None
175.220723 178.174288 327.000000 None
175.220723 178.174288 327.000000 None
175.220723 178.174288 327.000000 Forward
176.059394 177.629649 327.000000 Forward
176.898064 177.085010 327.000000 Forward
177.736735 176.540371 327.000000 Forward
178.575405 175.995732 327.000000 Forward
179.414076 175.451093 327.000000 TurnLeft
179.414076 175.451093 326.000000 None
179.414076 175.451093 325.000000 TurnLeft
179.414076 175.451093 324.000000 None
179.414076 175.451093 323.000000 TurnLeft
179.414076 175.451093 322.000000 None
179.414076 175.451093 321.000000 TurnLeft
179.414076 175.451093 320.000000 None
179.414076 175.451093 320.000000 TurnLeft
179.414076 175.451093 319.000000 TurnLeft
179.414076 175.451093 318.000000 TurnLeft
179.414076 175.451093 317.000000 TurnLeft
179.414076 175.451093 316.000000 TurnLeft
179.414076 175.451093 315.000000 TurnLeft
179.414076 175.451093 313.000000 TurnLeft
179.414076 175.451093 312.000000 None
179.414076 175.451093 312.000000 None
179.414076 175.451093 312.000000 None
179.414076 175.451093 312.000000 None
179.414076 175.451093 312.000000 None
179.414076 175.451093 312.000000 None
179.414076 175.451093 312.000000 None
179.414076 175.451093 311.000000 TurnLeft
179.414076 175.451093 310.000000 None
179.414076 175.451093 309.000000 TurnLeft
179.414076 175.451093 308.000000 TurnLeft
179.414076 175.451093 307.000000 TurnLeft
179.414076 175.451093 306.000000 Forward
180.001861 174.642076 306.000000 Forward
180.589646 173.833059 306.000000 None
181.177432 173.024042 306.000000 Forward
181.765217 172.215025 306.000000 None
182.353002 171.406008 306.000000 None
182.940787 170.596991 306.000000 None
183.528573 169.787974 306.000000 Forward
184.116358 168.978957 306.000000 None
184.704143 168.169940 306.000000 None
185.291928 167.360923 306.000000 Forward
185.879714 166.551906 306.000000 None
185.879714 166.551906 306.000000 None
185.879714 166.551906 306.000000 None
185.879714 166.551906 306.000000 None
185.879714 166.551906 306.000000 None
185.879714 166.551906 306.000000 None
185.879714 166.551906 306.000000 None
185.879714 166.551906 306.000000 None
187.055284 164.933872 306.000000 Forward
187.643069 164.124855 306.000000 Forward
188.230855 163.315838 306.000000 Forward
188.818640 162.506821 306.000000 None
189.406425 161.697804 306.000000 TurnLeft
189.406425 161.697804 305.000000 TurnLeft
189.406425 161.697804 304.000000 TurnLeft
189.406425 161.697804 303.000000 TurnLeft
189.406425 161.697804 302.000000 TurnLeft
189.406425 161.697804 301.000000 TurnLeft
189.406425 161.697804 300.000000 None
189.406425 161.697804 299.000000 TurnLeft
189.406425 161.697804 298.000000 TurnLeft
189.406425 161.697804 297.000000 None
189.406425 161.697804 296.000000 TurnLeft
189.406425 161.697804 295.000000 TurnLeft
189.406425 161.697804 294.000000 TurnLeft
189.406425 161.697804 293.000000 None
189.406425 161.697804 293.000000 None
189.406425 161.697804 293.000000 None
189.406425 161.697804 293.000000 Forward
189.797156 160.777299 293.000000 Forward
190.187887 159.856794 293.000000 None
190.578619 158.936289 293.000000 Forward
190.969350 158.015784 293.000000 None
191.360081 157.095279 293.000000 None
191.360081 157.095279 293.000000 Forward
192.141543 155.254270 293.000000 Forward
192.532274 154.333765 293.000000 Forward
192.923005 153.413260 293.000000 None
193.313736 152.492755 293.000000 Forward
193.704468 151.572250 293.000000 None
193.704468 151.572250 292.000000 TurnLeft
193.704468 151.572250 291.000000 TurnLeft
193.704468 151.572250 290.000000 TurnLeft
193.704468 151.572250 289.000000 TurnLeft
193.704468 151.572250 288.000000 TurnLeft
193.704468 151.572250 287.000000 TurnLeft
193.704468 151.572250 286.000000 TurnLeft
193.704468 151.572250 285.000000 TurnLeft
193.704468 151.572250 284.000000 TurnLeft
193.704468 151.572250 283.000000 TurnLeft
193.704468 151.572250 282.000000 TurnLeft
193.704468 151.572250 281.000000 TurnLeft
193.704468 151.572250 280.000000 TurnLeft
193.704468 151.572250 279.000000 TurnLeft
193.704468 151.572250 278.000000 TurnLeft
193.704468 151.572250 277.000000 None
193.704468 151.572250 277.000000 None
193.704468 151.572250 275.000000 Forward
193.791623 150.576056 275.000000 Forward
193.878779 149.579861 275.000000 Forward
193.965935 148.583666 275.000000 Forward
194.053091 147.587472 275.000000 Forward
194.140246 146.591277 275.000000 Forward
194.227402 145.595082 275.000000 Forward
194.314558 144.598887 275.000000 Forward
194.401713 143.602693 275.000000 Forward
194.488869 142.606498 275.000000 Forward
194.576025 141.610303 275.000000 Forward
194.663181 140.614109 275.000000 Forward
194.750336 139.617914 275.000000 None
194.750336 139.617914 275.000000 None
194.924648 137.625525 275.000000 Forward
195.011804 136.629330 275.000000 Forward
195.098959 135.633135 275.000000 None
195.186115 134.636941 275.000000 TurnLeft
195.186115 134.636941 274.000000 TurnLeft
195.186115 134.636941 273.000000 TurnLeft
195.186115 134.636941 272.000000 TurnLeft
195.186115 134.636941 271.000000 TurnLeft
195.186115 134.636941 270.000000 TurnLeft
195.186115 134.636941 269.000000 TurnLeft
195.186115 134.636941 268.000000 TurnLeft
195.186115 134.636941 267.000000 TurnLeft
195.186115 134.636941 266.000000 None
195.186115 134.636941 265.000000 TurnLeft
195.186115 134.636941 264.000000 TurnLeft
195.186115 134.636941 263.000000 TurnLeft
195.186115 134.636941 262.000000 TurnLeft
195.186115 134.636941 261.000000 TurnLeft
195.186115 134.636941 260.000000 TurnLeft
195.186115 134.636941 259.000000 Forward
194.995306 133.655313 259.000000 Forward
194.804497 132.673686 259.000000 Forward
194.613688 131.692059 259.000000 Forward
194.422879 130.710432 259.000000 Forward
194.232070 129.728805 259.000000 None
194.041261 128.747177 259.000000 Forward
193.850452 127.765550 259.000000 Forward
193.659643 126.783923 259.000000 Forward
193.468834 125.802296 259.000000 None
193.278025 124.820669 259.000000 None
193.278025 124.820669 259.000000 None
192.896407 122.857414 259.000000 Forward
192.705598 121.875787 259.000000 Forward
192.514789 120.894160 259.000000 TurnLeft
192.514789 120.894160 258.000000 TurnLeft
192.514789 120.894160 257.000000 TurnLeft
192.514789 120.894160 256.000000 TurnLeft
192.514789 120.894160 255.000000 TurnLeft
192.514789 120.894160 254.000000 TurnLeft
192.514789 120.894160 253.000000 TurnLeft
192.514789 120.894160 252.000000 None
192.514789 120.894160 251.000000 TurnLeft
192.514789 120.894160 250.000000 None
192.514789 120.894160 250.000000 None
192.514789 120.894160 250.000000 None
192.514789 120.894160 250.000000 None
192.514789 120.894160 250.000000 None
192.514789 120.894160 250.000000 None
192.514789 120.894160 250.000000 None
192.514789 120.894160 250.000000 None
192.514789 120.894160 250.000000 None
192.514789 120.894160 250.000000 None
192.514789 120.894160 250.000000 None
192.514789 120.894160 250.000000 None
192.514789 120.894160 250.000000 None
192.514789 120.894160 250.000000 TurnRight
192.514789 120.894160 251.000000 TurnRight
192.514789 120.894160 252.000000 TurnRight
192.514789 120.894160 253.000000 None
192.514789 120.894160 254.000000 TurnRight
192.514789 120.894160 255.000000 None
192.514789 120.894160 256.000000 TurnRight
192.514789 120.894160 257.000000 None
192.514789 120.894160 258.000000 TurnRight
192.514789 120.894160 259.000000 None
192.514789 120.894160 260.000000 TurnRight
192.514789 120.894160 261.000000 Forward
192.358355 119.906472 261.000000 Forward
192.201920 118.918783 261.000000 Forward
192.045486 117.931095 261.000000 None
191.889051 116.943407 261.000000 Forward
191.732617 115.955718 261.000000 Forward
191.576182 114.968030 261.000000 Forward
191.419748 113.980342 261.000000 Forward
191.263314 112.992653 261.000000 Forward
191.106879 112.004965 261.000000 None
191.106879 112.004965 261.000000 None
191.106879 112.004965 261.000000 None
191.106879 112.004965 261.000000 None
191.106879 112.004965 261.000000 None
191.106879 112.004965 261.000000 None
191.106879 112.004965 261.000000 None
191.106879 112.004965 261.000000 Forward
190.950445 111.017277 261.000000 Forward
190.794010 110.029588 261.000000 Forward
190.637576 109.041900 261.000000 Forward
190.481141 108.054212 261.000000 Forward
190.324707 107.066523 261.000000 Forward
190.168272 106.078835 261.000000 None
190.011838 105.091146 261.000000 None
190.011838 105.091146 262.000000 TurnRight
190.011838 105.091146 263.000000 None
190.011838 105.091146 264.000000 None
190.011838 105.091146 265.000000 None
190.011838 105.091146 266.000000 TurnRight
190.011838 105.091146 267.000000 TurnRight
190.011838 105.091146 268.000000 TurnRight
190.011838 105.091146 269.000000 TurnRight
190.011838 105.091146 270.000000 TurnRight
190.011838 105.091146 271.000000 TurnRight
190.011838 105.091146 272.000000 TurnRight
190.011838 105.091146 273.000000 Forward
190.064174 104.092517 273.000000 None
190.116510 103.093887 273.000000 Forward
190.168846 102.095258 273.000000 Forward
190.221182 101.096628 273.000000 None
190.273518 100.097999 273.000000 Forward
190.325854 99.099369 273.000000 Forward
190.378189 98.100740 273.000000 Forward
190.430525 97.102110 273.000000 Forward
190.482861 96.103481 273.000000 Forward
190.535197 95.104851 273.000000 TurnRight
190.535197 95.104851 274.000000 TurnRight
190.535197 95.104851 275.000000 TurnRight
190.535197 95.104851 276.000000 None
190.535197 95.104851 277.000000 None
190.535197 95.104851 278.000000 TurnRight
190.535197 95.104851 279.000000 None
190.535197 95.104851 279.000000 Forward
190.691632 94.117163 279.000000 Forward
190.848066 93.129474 279.000000 Forward
191.004501 92.141786 279.000000 Forward